83 86 21 33 60 79 26 92 57 84
65 41 44 78 65 35 12 96 64 71
100 92 82 51 42 37 33 13 8 1
100 83 77 68 62 48 47 46 42 22
7 19 44 48 66 72 78 81 87 97
99 96 81 79 55 50 43 20 6 2
20 22 25 56 59 64 67 72 81 83
84 75 72 69 59 58 58 27 12 1
20 22 26 37 39 43 73 77 84 87
99 98 92 69 62 56 37 14 9 3
87 36 60 7 32 30 19 76 22 27
12 20 26 45 48 50 88 92 95 99
89 77 51 43 37 18 14 14 8 7
15 94 81 16 1 25 59 82 14 94
1 31 42 57 20 7 28 58 25 82
40 35 65 5 34 72 57 5 84 47
74 70 68 56 54 40 28 21 18 15
55 25 14 92 49 100 79 68 77 51
44 16 8 79 67 59 90 78 39 3
99 30 78 100 47 60 15 7 67 37
21 23 30 50 52 54 78 88 90 96
19 22 28 30 37 49 65 69 91 98
21 79 84 53 30 94 21 91 19 74
7 21 26 35 40 45 61 63 73 97
67 68 1 69 19 9 60 54 13 63
26 44 3 91 95 92 91 82 77 80
98 92 83 78 23 11 8 7 5 5
87 38 52 56 91 71 23 13 56 27
9 13 15 46 60 69 87 89 91 99
16 32 43 42 4 9 95 23 80 92
87 86 55 55 53 46 40 34 32 20
15 25 31 34 39 47 49 64 73 85
16 22 25 26 32 55 64 69 87 99
79 68 66 52 51 18 17 12 3 3
42 65 44 44 67 8 45 11 50 20
8 22 24 35 52 58 67 80 87 97
18 98 94 89 80 53 27 26 32 31
9 28 30 38 43 57 67 67 75 98
94 70 69 65 64 50 36 25 15 2
67 13 72 9 79 27 43 91 26 25
4 80 13 77 2 100 67 35 33 23
42 76 89 86 64 22 58 6 6 39
51 76 82 91 50 5 88 19 31 26
83 75 72 60 50 43 38 34 31 24
28 98 76 1 38 59 40 59 40 16
5 14 33 46 50 51 62 64 90 100
44 54 53 77 63 80 7 11 82 61
12 14 61 36 54 80 76 23 92 31
84 39 31 32 67 87 76 76 83 25
98 83 81 77 76 69 43 42 27 2
92 62 53 45 37 64 95 29 21 54
97 96 94 71 68 67 65 45 41 7
62 96 33 11 4 86 59 90 64 89
1 10 11 17 59 65 83 89 91 97
2 72 56 55 98 8 97 68 16 72
98 72 70 68 68 47 46 39 32 19
5 6 14 32 38 42 48 51 77 96
24 85 14 42 51 60 58 59 67 95
61 52 96 46 10 15 59 17 15 55
16 56 86 12 38 56 70 3 48 47
29 34 44 13 73 36 39 80 68 10
44 11 65 19 25 20 22 89 99 55
37 88 94 22 96 81 13 4 38 17
69 52 55 91 6 40 79 5 78 82
23 32 33 37 45 53 53 54 73 73
13 29 29 29 30 36 44 46 63 77
79 74 63 47 46 32 26 14 12 12
16 81 36 36 72 30 92 51 92 46
14 40 39 84 10 33 60 59 66 23
5 14 29 36 39 53 57 77 77 81
52 48 83 52 61 84 43 28 62 50
14 14 16 28 32 33 71 75 79 94
92 75 75 65 64 61 55 55 15 5
6 39 15 61 48 26 56 72 18 13
58 55 76 63 65 76 32 59 45 66
7 29 33 33 34 44 66 87 88 93
97 91 59 58 56 55 46 38 30 16
8 11 15 16 21 32 66 69 71 87
12 13 23 25 29 37 46 82 83 85
18 24 25 27 30 71 75 93 95 100
13 6 66 92 34 1 7 61 8 21
2 91 59 39 50 36 60 75 53 88
37 83 71 69 24 14 15 96 40 71
90 68 66 63 42 23 18 12 9 3
50 14 52 93 61 72 9 40 34 64
98 43 19 56 27 88 54 48 75 27
23 24 28 48 49 63 71 87 93 94
98 97 88 79 61 44 24 23 22 17
34 61 6 91 53 71 1 47 61 30
2 14 15 34 41 45 66 67 72 87
76 72 58 53 50 49 26 20 19 1
22 94 17 88 43 8 3 1 78 92
91 4 64 57 89 89 81 54 1 82
1 22 36 43 45 69 85 86 88 92
23 29 35 51 57 60 61 65 84 86
1 11 26 37 45 49 77 82 88 88
14 21 24 30 32 51 53 67 77 93
38 39 19 16 92 11 22 12 83 99
2 24 28 31 39 45 67 72 77 91
69 68 97 3 96 48 40 100 10 75
